58,36
0,540
58,35
14,6
25,4
25,1
25,3
24,4
33,4
33,7
33,6
33,5
33,3
3,2
3,1
3,3
10,274
10,282
10,162
10,222
10,114
10,178
10,118
10,92
10,2
10,3
11,22
11,28
11,14
8,4
8,14
8,17
8,15
12,2
12,1
12,3
44,2
44,1
44,0
43,5
43,4
43,3
43,2
43,1
43,0
42,7
42,6
42,5
42,4
42,3
42,2
42,1
42,0
41,5
41,4
41,3
41,2
41,1
41,0
40,4
40,3
40,2
40,1
20,2
40,0
39,6
39,5
39,4
39,3
20,1
39,2
39,1
20,3
39,0
38,4
38,3
38,2
38,1
38,0
37,5
37,4
37,3
37,2
37,1
19,2
37,0
36,4
19,1
36,3
36,2
36,1
19,3
36,0
35,7
35,6
35,5
35,4
35,3
35,2
35,1
35,0
34,5
34,4
34,3
34,2
34,1
34,0
33,36
33,35
33,34
33,33
33,32
33,31
33,1
33,30
33,29
33,28
33,27
33,26
33,25
33,24
33,23
33,22
33,21
33,20
33,19
33,18
33,17
33,16
33,15
33,14
33,13
33,12
33,11
33,10
33,9
