63,36
0,423
0,419
33,2
33,0
30,5
30,1
30,3
0,411
0,410
0,409
14,6
25,5
0,408
0,474
33,4
63,35
25,4
25,1
25,3
24,4
24,1
24,3
14,5
33,6
33,5
33,3
3,2
3,1
3,3
10,143
10,303
10,249
10,99
10,103
10,281
10,2
10,3
11,27
11,5
8,6
8,12
8,15
8,5
0,318
12,2
12,1
44,2
44,1
12,3
44,0
43,5
43,4
43,3
43,2
43,1
43,0
42,7
42,6
42,5
42,4
42,3
42,2
42,1
42,0
41,5
41,4
41,3
41,2
41,1
41,0
40,4
40,3
40,2
40,1
40,0
39,6
39,5
39,4
39,3
39,2
39,1
39,0
38,4
38,3
38,2
38,1
38,0
37,5
37,4
37,3
37,2
37,1
37,0
36,4
36,3
36,2
36,1
20,2
36,0
35,7
35,6
35,5
35,4
35,3
20,1
35,2
35,1
20,3
35,0
34,7
34,6
34,5
34,4
34,3
34,2
34,1
34,0
19,2
33,39
33,38
33,37
33,36
33,35
33,34
33,33
33,32
33,31
19,1
33,1
33,30
33,29
